{0.0416666666666666666666666666666670603810817714891060331273`32.*(17.1428571428571428571428571428571023885973450144535746653684`32. + 2.64575070741678361910387941527517405641798282469951434792`32.*^-117/2.7182818284590452353602874713526624976385970411900203714065`32.^((0``32.2010841324273 + 0.8900837358252576171556102579871760046333147459226381507484`32.15051499783199*I)*t) + 1.433717549775641743707046207498787896777484046345344230922`32.*^-116*2.7182818284590452353602874713526624976385970411900203714065`32.^((0``32.2010841324273 + 0.8900837358252576171556102579871760046333147459226381507484`32.15051499783199*I)*t) - 1.0497727592073950739170310181292717206511507956599565863197`32.*^-115/2.7182818284590452353602874713526624976385970411900203714065`32.^((0``32.150514997832 + 1.1099162641747423828443897420128239953666852540773618492515`32.19580521321451*I)*t) + 8.018371875888748109827735197508284317786922779630010148`32.*^-118*2.7182818284590452353602874713526624976385970411900203714065`32.^((0``32.150514997832 + 1.1099162641747423828443897420128239953666852540773618492515`32.19580521321451*I)*t) + 3.29977509741057877555246351945841737210454066843066828353`32.*^-117/2.7182818284590452353602874713526624976385970411900203714065`32.^((0``32.150514997832 + 1.6038754716096765049444092780297703558208901604774709022895`32.35568564351815*I)*t) - 6.8067292855971691327791408069976683856123204409800262474008`32.*^-115*2.7182818284590452353602874713526624976385970411900203714065`32.^((0``32.150514997832 + 1.6038754716096765049444092780297703558208901604774709022895`32.35568564351815*I)*t) - 1.1858152133791798214442781724825103690609239454419743930777`32.*^-115/2.7182818284590452353602874713526624976385970411900203714065`32.^((0``32.150514997832 + 2.4939592074349341221000195360169745570672814232237393514566`32.5474043434738*I)*t) + 1.90693093772796047358221948648678127254113531250317786314859`32.*^-114*2.7182818284590452353602874713526624976385970411900203714065`32.^((0``32.150514997832 + 2.4939592074349341221000195360169745570672814232237393514566`32.5474043434738*I)*t) + 0.0925779130151025219954540079955027389940738902826453389284`32./2.7182818284590452353602874713526624976385970411900203714065`32.^((0``32.150514997832 + 2.7137917357844188877887990200425943511875754145548327515413`32.58409151342169*I)*t) + 0.0925779130151025219954540079955027389940738902826453389284`32.*2.7182818284590452353602874713526624976385970411900203714065`32.^((0``32.150514997832 + 2.7137917357844188877887990200425943511875754145548327515413`32.58409151342169*I)*t) + 2.3599560076631542972961352365824801754739028571903422372468`32./2.7182818284590452353602874713526624976385970411900203714065`32.^((0``32.150514997832 + 3.3840429432601917392556297940041505617005961691463775022051`32.67995086339951*I)*t) + 2.3599560076631542972961352365824801754739028571903422372468`32.*2.7182818284590452353602874713526624976385970411900203714065`32.^((0``32.150514997832 + 3.3840429432601917392556297940041505617005961691463775022051`32.67995086339951*I)*t) - 4.3542946748033742196762203578277581833054049506328439648779`32.*^-115/2.7182818284590452353602874713526624976385970411900203714065`32.^((0``32.150514997832 + 3.6038754716096765049444092780297703558208901604774709022895`32.70728477377744*I)*t) + 1.6811447351738816768798245716027303743957088972673586661898`32.*^-115*2.7182818284590452353602874713526624976385970411900203714065`32.^((0``32.150514997832 + 3.6038754716096765049444092780297703558208901604774709022895`32.70728477377744*I)*t) - 1.40713186671000970087969417552754032171179719425347207791656`32.*^-114/2.7182818284590452353602874713526624976385970411900203714065`32.^((0``32.150514997832 + 4.4939592074349341221000195360169745570672814232237393514566`32.80314412375527*I)*t) + 1.86018448028220283226254015550984772853709596166889610597`32.*^-116*2.7182818284590452353602874713526624976385970411900203714065`32.^((0``32.150514997832 + 4.4939592074349341221000195360169745570672814232237393514566`32.80314412375527*I)*t) + 0.9760375078931717521369821839933525014818005564376875504825`32./2.7182818284590452353602874713526624976385970411900203714065`32.^((0``32.150514997832 + 6.0978346790446106270444288140467449128881715837012102537462`32.93569064368098*I)*t) + 0.9760375078931717521369821839933525014818005564376875504825`32.*2.7182818284590452353602874713526624976385970411900203714065`32.^((0``32.150514997832 + 6.0978346790446106270444288140467449128881715837012102537462`32.93569064368098*I)*t)), 0.0416666666666666666666666666666670141608452099290202735461`32.*(-3.4129442476739457021466059005290894349657738313249134553049`32.*^-173 + 0.0074421548002410043782363959970156358024308059513509570161`32./2.7182818284590452353602874713526624977537603973977398742123`32.^((0``32.80842304296806 + 0.2198325283494847656887794840256479907333705081547236985031`32.150514997832*I)*t) + 0.0074421548002410043782363959970156358024308059513509570161`32.*2.7182818284590452353602874713526624977537603973977398742123`32.^((0``32.80842304296806 + 0.2198325283494847656887794840256479907333705081547236985031`32.150514997832*I)*t) - 4.82053383384789764047221527486515475785625254910929526549871`32.*^-114/2.7182818284590452353602874713526624977537603973977398742123`32.^((0``32.2010841324273 + 0.8900837358252576171556102579871760046333147459226381507484`32.15051499783199*I)*t) - 4.82053383384789764047221527486515475785625254910929526549871`32.*^-114*2.7182818284590452353602874713526624977537603973977398742123`32.^((0``32.2010841324273 + 0.8900837358252576171556102579871760046333147459226381507484`32.15051499783199*I)*t) + 1.1611933339233767961278901999843943990404065295634898713016`32./2.7182818284590452353602874713526624977537603973977398742123`32.^((0``32.2010841324273 + 0.890083735825257617155610257987204201246391262746268449167`32.15051499783199*I)*t) + 1.1611933339233767961278901999843943990404065295634898713016`32.*2.7182818284590452353602874713526624977537603973977398742123`32.^((0``32.2010841324273 + 0.890083735825257617155610257987204201246391262746268449167`32.15051499783199*I)*t) + 7.6118298114322895903839737556290922330684082657713251449843`32.*^-115/2.7182818284590452353602874713526624977537603973977398742123`32.^((0``32.150514997832 + 1.1099162641747423828443897420128239953666852540773618492515`32.19580521321451*I)*t) + 7.6118298114322895903839737556290922330684082657713251449843`32.*^-115*2.7182818284590452353602874713526624977537603973977398742123`32.^((0``32.150514997832 + 1.1099162641747423828443897420128239953666852540773618492515`32.19580521321451*I)*t) + 2.06150837645944929576554424922579719719636093659714460292294`32.*^-114/2.7182818284590452353602874713526624977537603973977398742123`32.^((0``32.150514997832 + 1.6038754716096765049444092780297703558208901604774709022895`32.35568564351815*I)*t) + 2.06150837645944929576554424922579719719636093659714460292294`32.*^-114*2.7182818284590452353602874713526624977537603973977398742123`32.^((0``32.150514997832 + 1.6038754716096765049444092780297703558208901604774709022895`32.35568564351815*I)*t) + 0.9999999999999999999999999999999999999999999999979479128862`32./2.7182818284590452353602874713526624977537603973977398742123`32.^((0``32.150514997832 + 2.`32.45154499349598*I)*t) + 0.9999999999999999999999999999999999999999999999979479128862`32.*2.7182818284590452353602874713526624977537603973977398742123`32.^((0``32.150514997832 + 2.`32.45154499349598*I)*t) + 4.8124899283414111165877244811605680269386329819412456377005`32./2.7182818284590452353602874713526624977537603973977398742123`32.^((0``32.150514997832 + 2.4939592074349341221000195360169463604542049064001090530381`32.547404343473794*I)*t) + 4.8124899283414111165877244811605680269386329819412456377005`32.*2.7182818284590452353602874713526624977537603973977398742123`32.^((0``32.150514997832 + 2.4939592074349341221000195360169463604542049064001090530381`32.547404343473794*I)*t) + 2.040464560405346370410244969708102198539820040761858732222`32.*^-116/2.7182818284590452353602874713526624977537603973977398742123`32.^((0``32.150514997832 + 2.4939592074349341221000195360169745570672814232237393514566`32.5474043434738*I)*t) + 2.040464560405346370410244969708102198539820040761858732222`32.*^-116*2.7182818284590452353602874713526624977537603973977398742123`32.^((0``32.150514997832 + 2.4939592074349341221000195360169745570672814232237393514566`32.5474043434738*I)*t) + 2.5803236659771474273264629268732800136316203489814044051173`32.*^-115/2.7182818284590452353602874713526624977537603973977398742123`32.^((0``32.150514997832 + 3.6038754716096765049444092780297703558208901604774709022895`32.70728477377744*I)*t) + 2.5803236659771474273264629268732800136316203489814044051173`32.*^-115*2.7182818284590452353602874713526624977537603973977398742123`32.^((0``32.150514997832 + 3.6038754716096765049444092780297703558208901604774709022895`32.70728477377744*I)*t) + 4.3120310234494978015700996045692745312129374091617136778116`32./2.7182818284590452353602874713526624977537603973977398742123`32.^((0``32.150514997832 + 3.6038754716096765049444092780297985524339666773011012007082`32.707284773777445*I)*t) + 4.3120310234494978015700996045692745312129374091617136778116`32.*2.7182818284590452353602874713526624977537603973977398742123`32.^((0``32.150514997832 + 3.6038754716096765049444092780297985524339666773011012007082`32.707284773777445*I)*t) + 8.8866490831915795237982152520116209306193087866197386653913`32.*^-115/2.7182818284590452353602874713526624977537603973977398742123`32.^((0``32.150514997832 + 4.4939592074349341221000195360169745570672814232237393514566`32.80314412375527*I)*t) + 8.8866490831915795237982152520116209306193087866197386653913`32.*^-115*2.7182818284590452353602874713526624977537603973977398742123`32.^((0``32.150514997832 + 4.4939592074349341221000195360169745570672814232237393514566`32.80314412375527*I)*t) + 0.6159915872032467244548754428597282922771746963242959437132`32./2.7182818284590452353602874713526624977537603973977398742123`32.^((0``32.150514997832 + 5.2077509432193530098888185560595407116417803209549418045792`32.86716520408109*I)*t) + 0.6159915872032467244548754428597282922771746963242959437132`32.*2.7182818284590452353602874713526624977537603973977398742123`32.^((0``32.150514997832 + 5.2077509432193530098888185560595407116417803209549418045792`32.86716520408109*I)*t) + 0.0908519722822265568811738754289190364049971175021172182775`32./2.7182818284590452353602874713526624977537603973977398742123`32.^((0``32.150514997832 + 6.9879184148698682442000390720339491141345628464474787029131`32.99486282371091*I)*t) + 0.0908519722822265568811738754289190364049971175021172182775`32.*2.7182818284590452353602874713526624977537603973977398742123`32.^((0``32.150514997832 + 6.9879184148698682442000390720339491141345628464474787029131`32.99486282371091*I)*t)), 0.0416666666666666666666666666666671449209800148610111291512`31.52287874528034*(-9.`32.*(0.0604293382725034239152791034643596380891128624074186430983`32./2.7182818284590452353602874713526624977537603973977398742123`32.^((0``33.10945303863204 + 0.1099162641747423828443897420128239953666852540773618492515`32.150514997832*I)*t) + 0.0604293382725034239152791034643596380891128624074186430983`32.*2.7182818284590452353602874713526624977537603973977398742123`32.^((0``33.10945303863204 + 0.1099162641747423828443897420128239953666852540773618492515`32.150514997832*I)*t) + 0.0484605667104360515676571253579036146659153714784160428181`32./2.7182818284590452353602874713526624977537603973977398742123`32.^((0``32.150514997832 + 2.6038754716096765049444092780297703558208901604774709022895`32.56613520841711*I)*t) + 0.0484605667104360515676571253579036146659153714784160428181`32.*2.7182818284590452353602874713526624977537603973977398742123`32.^((0``32.150514997832 + 2.6038754716096765049444092780297703558208901604774709022895`32.56613520841711*I)*t) - 0.1088899049829394754829362288222632347795726738417340901955`32./2.7182818284590452353602874713526624977537603973977398742123`32.^((0``32.150514997832 + 3.4939592074349341221000195360169745570672814232237393514566`32.69383282804693*I)*t) - 0.1088899049829394754829362288222632347795726738417340901955`32.*2.7182818284590452353602874713526624977537603973977398742123`32.^((0``32.150514997832 + 3.4939592074349341221000195360169745570672814232237393514566`32.69383282804693*I)*t))^2 + 2.`32.*(0.1357834905644585090168644513933887563539444671513834089693`32./2.7182818284590452353602874713526624977537603973977398742123`32.^((0``33.10945303863204 + 0.1099162641747423828443897420128239953666852540773618492515`32.150514997832*I)*t) - 0.1357834905644585090168644513933887563539444671513834089693`32.*2.7182818284590452353602874713526624977537603973977398742123`32.^((0``33.10945303863204 + 0.1099162641747423828443897420128239953666852540773618492515`32.150514997832*I)*t) + 0.25`32./2.7182818284590452353602874713526624977537603973977398742123`32.^((0``32.150514997832 + 1.`32.150514997832*I)*t) - 0.25`32.*2.7182818284590452353602874713526624977537603973977398742123`32.^((0``32.150514997832 + 1.`32.150514997832*I)*t) - 0.0268935855815190335339282225711254543380842602995760830097`32./2.7182818284590452353602874713526624977537603973977398742123`32.^((0``32.150514997832 + 2.6038754716096765049444092780297703558208901604774709022895`32.56613520841711*I)*t) + 0.0268935855815190335339282225711254543380842602995760830097`32.*2.7182818284590452353602874713526624977537603973977398742123`32.^((0``32.150514997832 + 2.6038754716096765049444092780297703558208901604774709022895`32.56613520841711*I)*t) + 0.0873229238540224574492073260354852857970234776057613955491`32./2.7182818284590452353602874713526624977537603973977398742123`32.^((0``32.150514997832 + 3.4939592074349341221000195360169745570672814232237393514566`32.69383282804693*I)*t) - 0.0873229238540224574492073260354852857970234776057613955491`32.*2.7182818284590452353602874713526624977537603973977398742123`32.^((0``32.150514997832 + 3.4939592074349341221000195360169745570672814232237393514566`32.69383282804693*I)*t))^2 + 2.`32.*(0.1357834905644585090168644513933887563539444671513834089693`32./2.7182818284590452353602874713526624977537603973977398742123`32.^((0``33.10945303863204 + 0.1099162641747423828443897420128239953666852540773618492515`32.150514997832*I)*t) - 0.1357834905644585090168644513933887563539444671513834089693`32.*2.7182818284590452353602874713526624977537603973977398742123`32.^((0``33.10945303863204 + 0.1099162641747423828443897420128239953666852540773618492515`32.150514997832*I)*t) - 0.25`32./2.7182818284590452353602874713526624977537603973977398742123`32.^((0``32.150514997832 + 1.`32.150514997832*I)*t) + 0.25`32.*2.7182818284590452353602874713526624977537603973977398742123`32.^((0``32.150514997832 + 1.`32.150514997832*I)*t) - 0.0268935855815190335339282225711254543380842602995760830097`32./2.7182818284590452353602874713526624977537603973977398742123`32.^((0``32.150514997832 + 2.6038754716096765049444092780297703558208901604774709022895`32.56613520841711*I)*t) + 0.0268935855815190335339282225711254543380842602995760830097`32.*2.7182818284590452353602874713526624977537603973977398742123`32.^((0``32.150514997832 + 2.6038754716096765049444092780297703558208901604774709022895`32.56613520841711*I)*t) + 0.0873229238540224574492073260354852857970234776057613955491`32./2.7182818284590452353602874713526624977537603973977398742123`32.^((0``32.150514997832 + 3.4939592074349341221000195360169745570672814232237393514566`32.69383282804693*I)*t) - 0.0873229238540224574492073260354852857970234776057613955491`32.*2.7182818284590452353602874713526624977537603973977398742123`32.^((0``32.150514997832 + 3.4939592074349341221000195360169745570672814232237393514566`32.69383282804693*I)*t))^2 - 4.`32.*(0.0484605667104360515676571253579036146659153714784160428181`32./2.7182818284590452353602874713526624977537603973977398742123`32.^((0``33.10945303863204 + 0.1099162641747423828443897420128239953666852540773618492515`32.150514997832*I)*t) + 0.1693192432554428993982153322866236369857472191012717509708`32.*2.7182818284590452353602874713526624977537603973977398742123`32.^((0``33.10945303863204 + 0.1099162641747423828443897420128239953666852540773618492515`32.150514997832*I)*t) - 0.0119687715620673723476219781064558573910704328172841866472`32./2.7182818284590452353602874713526624977537603973977398742123`32.^((0``32.150514997832 + 2.6038754716096765049444092780297703558208901604774709022895`32.56613520841711*I)*t) - 0.1088899049829394754829362288222632347795726738417340901955`32.*2.7182818284590452353602874713526624977537603973977398742123`32.^((0``32.150514997832 + 2.6038754716096765049444092780297703558208901604774709022895`32.56613520841711*I)*t) + 0.0604293382725034239152791034643596380891128624074186430983`32./2.7182818284590452353602874713526624977537603973977398742123`32.^((0``32.150514997832 + 3.4939592074349341221000195360169745570672814232237393514566`32.69383282804693*I)*t) - 0.1573504716933755270505933541801662690618334014541502269082`32.*2.7182818284590452353602874713526624977537603973977398742123`32.^((0``32.150514997832 + 3.4939592074349341221000195360169745570672814232237393514566`32.69383282804693*I)*t))*(-0.1693192432554428993982153322866236369857472191012717509708`32./2.7182818284590452353602874713526624977537603973977398742123`32.^((0``33.10945303863204 + 0.1099162641747423828443897420128239953666852540773618492515`32.150514997832*I)*t) - 0.0484605667104360515676571253579036146659153714784160428181`32.*2.7182818284590452353602874713526624977537603973977398742123`32.^((0``33.10945303863204 + 0.1099162641747423828443897420128239953666852540773618492515`32.150514997832*I)*t) + 0.1088899049829394754829362288222632347795726738417340901955`32./2.7182818284590452353602874713526624977537603973977398742123`32.^((0``32.150514997832 + 2.6038754716096765049444092780297703558208901604774709022895`32.56613520841711*I)*t) + 0.0119687715620673723476219781064558573910704328172841866472`32.*2.7182818284590452353602874713526624977537603973977398742123`32.^((0``32.150514997832 + 2.6038754716096765049444092780297703558208901604774709022895`32.56613520841711*I)*t) + 0.1573504716933755270505933541801662690618334014541502269082`32./2.7182818284590452353602874713526624977537603973977398742123`32.^((0``32.150514997832 + 3.4939592074349341221000195360169745570672814232237393514566`32.69383282804693*I)*t) - 0.0604293382725034239152791034643596380891128624074186430983`32.*2.7182818284590452353602874713526624977537603973977398742123`32.^((0``32.150514997832 + 3.4939592074349341221000195360169745570672814232237393514566`32.69383282804693*I)*t)) + (0.0484605667104360515676571253579036146659153714784160428181`32./2.7182818284590452353602874713526624977537603973977398742123`32.^((0``33.10945303863204 + 0.1099162641747423828443897420128239953666852540773618492515`32.150514997832*I)*t) + 0.1693192432554428993982153322866236369857472191012717509708`32.*2.7182818284590452353602874713526624977537603973977398742123`32.^((0``33.10945303863204 + 0.1099162641747423828443897420128239953666852540773618492515`32.150514997832*I)*t) + 8.062941515061554512695088080593007971125366567072668155084`32.*^-58/2.7182818284590452353602874713526624977537603973977398742123`32.^((0``32.150514997832 + 1.`32.150514997832*I)*t) - 2.241721905805079303993529073542415529701657397020952252218`32.*^-58*2.7182818284590452353602874713526624977537603973977398742123`32.^((0``32.150514997832 + 1.`32.150514997832*I)*t) - 0.0119687715620673723476219781064558573910704328172841866472`32./2.7182818284590452353602874713526624977537603973977398742123`32.^((0``32.150514997832 + 2.6038754716096765049444092780297703558208901604774709022895`32.56613520841711*I)*t) - 0.1088899049829394754829362288222632347795726738417340901955`32.*2.7182818284590452353602874713526624977537603973977398742123`32.^((0``32.150514997832 + 2.6038754716096765049444092780297703558208901604774709022895`32.56613520841711*I)*t) + 0.0604293382725034239152791034643596380891128624074186430983`32./2.7182818284590452353602874713526624977537603973977398742123`32.^((0``32.150514997832 + 3.4939592074349341221000195360169745570672814232237393514566`32.69383282804693*I)*t) - 0.1573504716933755270505933541801662690618334014541502269082`32.*2.7182818284590452353602874713526624977537603973977398742123`32.^((0``32.150514997832 + 3.4939592074349341221000195360169745570672814232237393514566`32.69383282804693*I)*t))*(-0.1693192432554428993982153322866236369857472191012717509708`32./2.7182818284590452353602874713526624977537603973977398742123`32.^((0``33.10945303863204 + 0.1099162641747423828443897420128239953666852540773618492515`32.150514997832*I)*t) - 0.0484605667104360515676571253579036146659153714784160428181`32.*2.7182818284590452353602874713526624977537603973977398742123`32.^((0``33.10945303863204 + 0.1099162641747423828443897420128239953666852540773618492515`32.150514997832*I)*t) + 2.241721905805079303993529073542415529701657397020952252218`32.*^-58/2.7182818284590452353602874713526624977537603973977398742123`32.^((0``32.150514997832 + 1.`32.150514997832*I)*t) - 8.062941515061554512695088080593007971125366567072668155084`32.*^-58*2.7182818284590452353602874713526624977537603973977398742123`32.^((0``32.150514997832 + 1.`32.150514997832*I)*t) + 0.1088899049829394754829362288222632347795726738417340901955`32./2.7182818284590452353602874713526624977537603973977398742123`32.^((0``32.150514997832 + 2.6038754716096765049444092780297703558208901604774709022895`32.56613520841711*I)*t) + 0.0119687715620673723476219781064558573910704328172841866472`32.*2.7182818284590452353602874713526624977537603973977398742123`32.^((0``32.150514997832 + 2.6038754716096765049444092780297703558208901604774709022895`32.56613520841711*I)*t) + 0.1573504716933755270505933541801662690618334014541502269082`32./2.7182818284590452353602874713526624977537603973977398742123`32.^((0``32.150514997832 + 3.4939592074349341221000195360169745570672814232237393514566`32.69383282804693*I)*t) - 0.0604293382725034239152791034643596380891128624074186430983`32.*2.7182818284590452353602874713526624977537603973977398742123`32.^((0``32.150514997832 + 3.4939592074349341221000195360169745570672814232237393514566`32.69383282804693*I)*t)) + (0.0484605667104360515676571253579036146659153714784160428181`32./2.7182818284590452353602874713526624977537603973977398742123`32.^((0``33.10945303863204 + 0.1099162641747423828443897420128239953666852540773618492515`32.150514997832*I)*t) + 0.1693192432554428993982153322866236369857472191012717509708`32.*2.7182818284590452353602874713526624977537603973977398742123`32.^((0``33.10945303863204 + 0.1099162641747423828443897420128239953666852540773618492515`32.150514997832*I)*t) - 8.062941515061554512695088080593007971125366567072668155078`32.*^-58/2.7182818284590452353602874713526624977537603973977398742123`32.^((0``32.150514997832 + 1.`32.150514997832*I)*t) + 2.241721905805079303993529073542415529701657397020952252216`32.*^-58*2.7182818284590452353602874713526624977537603973977398742123`32.^((0``32.150514997832 + 1.`32.150514997832*I)*t) - 0.0119687715620673723476219781064558573910704328172841866472`32./2.7182818284590452353602874713526624977537603973977398742123`32.^((0``32.150514997832 + 2.6038754716096765049444092780297703558208901604774709022895`32.56613520841711*I)*t) - 0.1088899049829394754829362288222632347795726738417340901955`32.*2.7182818284590452353602874713526624977537603973977398742123`32.^((0``32.150514997832 + 2.6038754716096765049444092780297703558208901604774709022895`32.56613520841711*I)*t) + 0.0604293382725034239152791034643596380891128624074186430983`32./2.7182818284590452353602874713526624977537603973977398742123`32.^((0``32.150514997832 + 3.4939592074349341221000195360169745570672814232237393514566`32.69383282804693*I)*t) - 0.1573504716933755270505933541801662690618334014541502269082`32.*2.7182818284590452353602874713526624977537603973977398742123`32.^((0``32.150514997832 + 3.4939592074349341221000195360169745570672814232237393514566`32.69383282804693*I)*t))*(-0.1693192432554428993982153322866236369857472191012717509708`32./2.7182818284590452353602874713526624977537603973977398742123`32.^((0``33.10945303863204 + 0.1099162641747423828443897420128239953666852540773618492515`32.150514997832*I)*t) - 0.0484605667104360515676571253579036146659153714784160428181`32.*2.7182818284590452353602874713526624977537603973977398742123`32.^((0``33.10945303863204 + 0.1099162641747423828443897420128239953666852540773618492515`32.150514997832*I)*t) - 2.241721905805079303993529073542415529701657397020952252216`32.*^-58/2.7182818284590452353602874713526624977537603973977398742123`32.^((0``32.150514997832 + 1.`32.150514997832*I)*t) + 8.062941515061554512695088080593007971125366567072668155078`32.*^-58*2.7182818284590452353602874713526624977537603973977398742123`32.^((0``32.150514997832 + 1.`32.150514997832*I)*t) + 0.1088899049829394754829362288222632347795726738417340901955`32./2.7182818284590452353602874713526624977537603973977398742123`32.^((0``32.150514997832 + 2.6038754716096765049444092780297703558208901604774709022895`32.56613520841711*I)*t) + 0.0119687715620673723476219781064558573910704328172841866472`32.*2.7182818284590452353602874713526624977537603973977398742123`32.^((0``32.150514997832 + 2.6038754716096765049444092780297703558208901604774709022895`32.56613520841711*I)*t) + 0.1573504716933755270505933541801662690618334014541502269082`32./2.7182818284590452353602874713526624977537603973977398742123`32.^((0``32.150514997832 + 3.4939592074349341221000195360169745570672814232237393514566`32.69383282804693*I)*t) - 0.0604293382725034239152791034643596380891128624074186430983`32.*2.7182818284590452353602874713526624977537603973977398742123`32.^((0``32.150514997832 + 3.4939592074349341221000195360169745570672814232237393514566`32.69383282804693*I)*t)) + (0.0172953760146693878478212978908039356708778152108821558623`32./2.7182818284590452353602874713526624977537603973977398742123`32.^((0``33.10945303863204 + 0.1099162641747423828443897420128239953666852540773618492515`32.150514997832*I)*t) - 0.2111376428564135941184497993224163380495541379431273860575`32.*2.7182818284590452353602874713526624977537603973977398742123`32.^((0``33.10945303863204 + 0.1099162641747423828443897420128239953666852540773618492515`32.150514997832*I)*t) - 0.0053266044526020155001993197843478743186378319831107739398`32./2.7182818284590452353602874713526624977537603973977398742123`32.^((0``32.150514997832 + 2.6038754716096765049444092780297703558208901604774709022895`32.56613520841711*I)*t) + 0.44088622438435991743194423507339827262843115302540917112`32.*2.7182818284590452353602874713526624977537603973977398742123`32.^((0``32.150514997832 + 2.6038754716096765049444092780297703558208901604774709022895`32.56613520841711*I)*t) + 0.0418183996009706947202344670357954822693864214283643906677`32./2.7182818284590452353602874713526624977537603973977398742123`32.^((0``32.150514997832 + 3.4939592074349341221000195360169745570672814232237393514566`32.69383282804693*I)*t) - 0.2835357526909843903813508808932314116053795443878575075637`32.*2.7182818284590452353602874713526624977537603973977398742123`32.^((0``32.150514997832 + 3.4939592074349341221000195360169745570672814232237393514566`32.69383282804693*I)*t))*(0.2111376428564135941184497993224163380495541379431273860575`32./2.7182818284590452353602874713526624977537603973977398742123`32.^((0``33.10945303863204 + 0.1099162641747423828443897420128239953666852540773618492515`32.150514997832*I)*t) - 0.0172953760146693878478212978908039356708778152108821558623`32.*2.7182818284590452353602874713526624977537603973977398742123`32.^((0``33.10945303863204 + 0.1099162641747423828443897420128239953666852540773618492515`32.150514997832*I)*t) - 0.44088622438435991743194423507339827262843115302540917112`32./2.7182818284590452353602874713526624977537603973977398742123`32.^((0``32.150514997832 + 2.6038754716096765049444092780297703558208901604774709022895`32.56613520841711*I)*t) + 0.0053266044526020155001993197843478743186378319831107739398`32.*2.7182818284590452353602874713526624977537603973977398742123`32.^((0``32.150514997832 + 2.6038754716096765049444092780297703558208901604774709022895`32.56613520841711*I)*t) + 0.2835357526909843903813508808932314116053795443878575075637`32./2.7182818284590452353602874713526624977537603973977398742123`32.^((0``32.150514997832 + 3.4939592074349341221000195360169745570672814232237393514566`32.69383282804693*I)*t) - 0.0418183996009706947202344670357954822693864214283643906677`32.*2.7182818284590452353602874713526624977537603973977398742123`32.^((0``32.150514997832 + 3.4939592074349341221000195360169745570672814232237393514566`32.69383282804693*I)*t)) - 1.`32.*(0.0172953760146693878478212978908039356708778152108821558623`32./2.7182818284590452353602874713526624977537603973977398742123`32.^((0``33.10945303863204 + 0.1099162641747423828443897420128239953666852540773618492515`32.150514997832*I)*t) - 0.2111376428564135941184497993224163380495541379431273860575`32.*2.7182818284590452353602874713526624977537603973977398742123`32.^((0``33.10945303863204 + 0.1099162641747423828443897420128239953666852540773618492515`32.150514997832*I)*t) - 0.0053266044526020155001993197843478743186378319831107739398`32./2.7182818284590452353602874713526624977537603973977398742123`32.^((0``32.150514997832 + 2.6038754716096765049444092780297703558208901604774709022895`32.56613520841711*I)*t) + 0.44088622438435991743194423507339827262843115302540917112`32.*2.7182818284590452353602874713526624977537603973977398742123`32.^((0``32.150514997832 + 2.6038754716096765049444092780297703558208901604774709022895`32.56613520841711*I)*t) + 0.0418183996009706947202344670357954822693864214283643906677`32./2.7182818284590452353602874713526624977537603973977398742123`32.^((0``32.150514997832 + 3.4939592074349341221000195360169745570672814232237393514566`32.69383282804693*I)*t) - 0.2835357526909843903813508808932314116053795443878575075637`32.*2.7182818284590452353602874713526624977537603973977398742123`32.^((0``32.150514997832 + 3.4939592074349341221000195360169745570672814232237393514566`32.69383282804693*I)*t))*(-0.2111376428564135941184497993224163380495541379431273860575`32./2.7182818284590452353602874713526624977537603973977398742123`32.^((0``33.10945303863204 + 0.1099162641747423828443897420128239953666852540773618492515`32.150514997832*I)*t) + 0.0172953760146693878478212978908039356708778152108821558623`32.*2.7182818284590452353602874713526624977537603973977398742123`32.^((0``33.10945303863204 + 0.1099162641747423828443897420128239953666852540773618492515`32.150514997832*I)*t) + 0.44088622438435991743194423507339827262843115302540917112`32./2.7182818284590452353602874713526624977537603973977398742123`32.^((0``32.150514997832 + 2.6038754716096765049444092780297703558208901604774709022895`32.56613520841711*I)*t) - 0.0053266044526020155001993197843478743186378319831107739398`32.*2.7182818284590452353602874713526624977537603973977398742123`32.^((0``32.150514997832 + 2.6038754716096765049444092780297703558208901604774709022895`32.56613520841711*I)*t) - 0.2835357526909843903813508808932314116053795443878575075637`32./2.7182818284590452353602874713526624977537603973977398742123`32.^((0``32.150514997832 + 3.4939592074349341221000195360169745570672814232237393514566`32.69383282804693*I)*t) + 0.0418183996009706947202344670357954822693864214283643906677`32.*2.7182818284590452353602874713526624977537603973977398742123`32.^((0``32.150514997832 + 3.4939592074349341221000195360169745570672814232237393514566`32.69383282804693*I)*t)) - 2.`32.*(0.0484605667104360515676571253579036146659153714784160428181`32./2.7182818284590452353602874713526624977537603973977398742123`32.^((0``33.10945303863204 + 0.1099162641747423828443897420128239953666852540773618492515`32.150514997832*I)*t) + 0.1693192432554428993982153322866236369857472191012717509708`32.*2.7182818284590452353602874713526624977537603973977398742123`32.^((0``33.10945303863204 + 0.1099162641747423828443897420128239953666852540773618492515`32.150514997832*I)*t) - 0.0119687715620673723476219781064558573910704328172841866472`32./2.7182818284590452353602874713526624977537603973977398742123`32.^((0``32.150514997832 + 2.6038754716096765049444092780297703558208901604774709022895`32.56613520841711*I)*t) - 0.1088899049829394754829362288222632347795726738417340901955`32.*2.7182818284590452353602874713526624977537603973977398742123`32.^((0``32.150514997832 + 2.6038754716096765049444092780297703558208901604774709022895`32.56613520841711*I)*t) + 0.0604293382725034239152791034643596380891128624074186430983`32./2.7182818284590452353602874713526624977537603973977398742123`32.^((0``32.150514997832 + 3.4939592074349341221000195360169745570672814232237393514566`32.69383282804693*I)*t) - 0.1573504716933755270505933541801662690618334014541502269082`32.*2.7182818284590452353602874713526624977537603973977398742123`32.^((0``32.150514997832 + 3.4939592074349341221000195360169745570672814232237393514566`32.69383282804693*I)*t))*(0.1693192432554428993982153322866236369857472191012717509708`32./2.7182818284590452353602874713526624977537603973977398742123`32.^((0``33.10945303863204 + 0.1099162641747423828443897420128239953666852540773618492515`32.150514997832*I)*t) + 0.0484605667104360515676571253579036146659153714784160428181`32.*2.7182818284590452353602874713526624977537603973977398742123`32.^((0``33.10945303863204 + 0.1099162641747423828443897420128239953666852540773618492515`32.150514997832*I)*t) - 0.1088899049829394754829362288222632347795726738417340901955`32./2.7182818284590452353602874713526624977537603973977398742123`32.^((0``32.150514997832 + 2.6038754716096765049444092780297703558208901604774709022895`32.56613520841711*I)*t) - 0.0119687715620673723476219781064558573910704328172841866472`32.*2.7182818284590452353602874713526624977537603973977398742123`32.^((0``32.150514997832 + 2.6038754716096765049444092780297703558208901604774709022895`32.56613520841711*I)*t) - 0.1573504716933755270505933541801662690618334014541502269082`32./2.7182818284590452353602874713526624977537603973977398742123`32.^((0``32.150514997832 + 3.4939592074349341221000195360169745570672814232237393514566`32.69383282804693*I)*t) + 0.0604293382725034239152791034643596380891128624074186430983`32.*2.7182818284590452353602874713526624977537603973977398742123`32.^((0``32.150514997832 + 3.4939592074349341221000195360169745570672814232237393514566`32.69383282804693*I)*t)) - 1.`32.*(0.0484605667104360515676571253579036146659153714784160428181`32./2.7182818284590452353602874713526624977537603973977398742123`32.^((0``33.10945303863204 + 0.1099162641747423828443897420128239953666852540773618492515`32.150514997832*I)*t) + 0.1693192432554428993982153322866236369857472191012717509708`32.*2.7182818284590452353602874713526624977537603973977398742123`32.^((0``33.10945303863204 + 0.1099162641747423828443897420128239953666852540773618492515`32.150514997832*I)*t) - 1.4337827200192070493259923579909406250319940996733569074647`32.*^-57/2.7182818284590452353602874713526624977537603973977398742123`32.^((0``32.150514997832 + 1.`32.150514997832*I)*t) - 1.292527999529278081639791265083787644065758660651577734107`32.*^-58*2.7182818284590452353602874713526624977537603973977398742123`32.^((0``32.150514997832 + 1.`32.150514997832*I)*t) - 0.0119687715620673723476219781064558573910704328172841866472`32./2.7182818284590452353602874713526624977537603973977398742123`32.^((0``32.150514997832 + 2.6038754716096765049444092780297703558208901604774709022895`32.56613520841711*I)*t) - 0.1088899049829394754829362288222632347795726738417340901955`32.*2.7182818284590452353602874713526624977537603973977398742123`32.^((0``32.150514997832 + 2.6038754716096765049444092780297703558208901604774709022895`32.56613520841711*I)*t) + 0.0604293382725034239152791034643596380891128624074186430983`32./2.7182818284590452353602874713526624977537603973977398742123`32.^((0``32.150514997832 + 3.4939592074349341221000195360169745570672814232237393514566`32.69383282804693*I)*t) - 0.1573504716933755270505933541801662690618334014541502269082`32.*2.7182818284590452353602874713526624977537603973977398742123`32.^((0``32.150514997832 + 3.4939592074349341221000195360169745570672814232237393514566`32.69383282804693*I)*t))*(0.1693192432554428993982153322866236369857472191012717509708`32./2.7182818284590452353602874713526624977537603973977398742123`32.^((0``33.10945303863204 + 0.1099162641747423828443897420128239953666852540773618492515`32.150514997832*I)*t) + 0.0484605667104360515676571253579036146659153714784160428181`32.*2.7182818284590452353602874713526624977537603973977398742123`32.^((0``33.10945303863204 + 0.1099162641747423828443897420128239953666852540773618492515`32.150514997832*I)*t) - 1.292527999529278081639791265083787644065758660651577734107`32.*^-58/2.7182818284590452353602874713526624977537603973977398742123`32.^((0``32.150514997832 + 1.`32.150514997832*I)*t) - 1.4337827200192070493259923579909406250319940996733569074647`32.*^-57*2.7182818284590452353602874713526624977537603973977398742123`32.^((0``32.150514997832 + 1.`32.150514997832*I)*t) - 0.1088899049829394754829362288222632347795726738417340901955`32./2.7182818284590452353602874713526624977537603973977398742123`32.^((0``32.150514997832 + 2.6038754716096765049444092780297703558208901604774709022895`32.56613520841711*I)*t) - 0.0119687715620673723476219781064558573910704328172841866472`32.*2.7182818284590452353602874713526624977537603973977398742123`32.^((0``32.150514997832 + 2.6038754716096765049444092780297703558208901604774709022895`32.56613520841711*I)*t) - 0.1573504716933755270505933541801662690618334014541502269082`32./2.7182818284590452353602874713526624977537603973977398742123`32.^((0``32.150514997832 + 3.4939592074349341221000195360169745570672814232237393514566`32.69383282804693*I)*t) + 0.0604293382725034239152791034643596380891128624074186430983`32.*2.7182818284590452353602874713526624977537603973977398742123`32.^((0``32.150514997832 + 3.4939592074349341221000195360169745570672814232237393514566`32.69383282804693*I)*t)) - 1.`32.*(0.0484605667104360515676571253579036146659153714784160428181`32./2.7182818284590452353602874713526624977537603973977398742123`32.^((0``33.10945303863204 + 0.1099162641747423828443897420128239953666852540773618492515`32.150514997832*I)*t) + 0.1693192432554428993982153322866236369857472191012717509708`32.*2.7182818284590452353602874713526624977537603973977398742123`32.^((0``33.10945303863204 + 0.1099162641747423828443897420128239953666852540773618492515`32.150514997832*I)*t) + 1.4337827200192070493259923579909406250319940996733569074667`32.*^-57/2.7182818284590452353602874713526624977537603973977398742123`32.^((0``32.150514997832 + 1.`32.150514997832*I)*t) + 1.292527999529278081639791265083787644065758660651577734106`32.*^-58*2.7182818284590452353602874713526624977537603973977398742123`32.^((0``32.150514997832 + 1.`32.150514997832*I)*t) - 0.0119687715620673723476219781064558573910704328172841866472`32./2.7182818284590452353602874713526624977537603973977398742123`32.^((0``32.150514997832 + 2.6038754716096765049444092780297703558208901604774709022895`32.56613520841711*I)*t) - 0.1088899049829394754829362288222632347795726738417340901955`32.*2.7182818284590452353602874713526624977537603973977398742123`32.^((0``32.150514997832 + 2.6038754716096765049444092780297703558208901604774709022895`32.56613520841711*I)*t) + 0.0604293382725034239152791034643596380891128624074186430983`32./2.7182818284590452353602874713526624977537603973977398742123`32.^((0``32.150514997832 + 3.4939592074349341221000195360169745570672814232237393514566`32.69383282804693*I)*t) - 0.1573504716933755270505933541801662690618334014541502269082`32.*2.7182818284590452353602874713526624977537603973977398742123`32.^((0``32.150514997832 + 3.4939592074349341221000195360169745570672814232237393514566`32.69383282